0.9742647058823529,0.04044117647058824,0.003676470588235294,0.0,0.0,0.0,0.0,0.0,0.0,0.0,0.0,0.0
0.025735294117647058,0.9227941176470589,0.03308823529411765,0.0,0.0,0.0,0.0,0.0,0.0,0.0,0.0,0.0
0.0,0.03676470588235294,0.9154411764705882,0.05514705882352941,0.003676470588235294,0.0,0.0,0.0,0.0,0.0,0.0,0.0
0.0,0.0,0.04779411764705882,0.8823529411764706,0.0625,0.003676470588235294,0.0,0.0,0.0,0.0,0.0,0.0
0.0,0.0,0.0,0.0625,0.8786764705882353,0.05514705882352941,0.0,0.0,0.0,0.0,0.0,0.0
0.0,0.0,0.0,0.0,0.05514705882352941,0.8970588235294118,0.022058823529411766,0.0,0.0,0.0,0.0,0.0
0.0,0.0,0.0,0.0,0.0,0.04411764705882353,0.9338235294117647,0.034722222222222224,0.0,0.0,0.0,0.0
0.0,0.0,0.0,0.0,0.0,0.0,0.04411764705882353,0.9131944444444444,0.0661764705882353,0.0,0.0,0.0
0.0,0.0,0.0,0.0,0.0,0.0,0.0,0.052083333333333336,0.9191176470588235,0.0661764705882353,0.0,0.0
0.0,0.0,0.0,0.0,0.0,0.0,0.0,0.0,0.014705882352941176,0.9264705882352942,0.04044117647058824,0.0
0.0,0.0,0.0,0.0,0.0,0.0,0.0,0.0,0.0,0.007352941176470588,0.9264705882352942,0.03308823529411765
0.0,0.0,0.0,0.0,0.0,0.0,0.0,0.0,0.0,0.0,0.03308823529411765,0.9669117647058824
