0.9742647058823529,0.04044117647058824,0.003676470588235294,0.0,0.0,0.0,0.0,0.0,0.0,0.0,0.0,0.0,0.0
0.025735294117647058,0.9227941176470589,0.06985294117647059,0.003676470588235294,0.0,0.0,0.0,0.0,0.0,0.0,0.0,0.0,0.0
0.0,0.03676470588235294,0.875,0.0661764705882353,0.01838235294117647,0.0,0.0,0.0,0.0,0.0,0.0,0.0,0.0
0.0,0.0,0.051470588235294115,0.8676470588235294,0.051470588235294115,0.0,0.003676470588235294,0.0,0.0,0.0,0.0,0.0,0.0
0.0,0.0,0.0,0.0625,0.8639705882352942,0.08088235294117647,0.0,0.0,0.0,0.0,0.0,0.0,0.0
0.0,0.0,0.0,0.0,0.0625,0.9007352941176471,0.06985294117647059,0.0,0.0,0.0,0.0,0.0,0.0
0.0,0.0,0.0,0.0,0.003676470588235294,0.01838235294117647,0.9080882352941176,0.03676470588235294,0.0,0.0,0.0,0.0,0.0
0.0,0.0,0.0,0.0,0.0,0.0,0.01838235294117647,0.9191176470588235,0.04513888888888889,0.0,0.0,0.0,0.0
0.0,0.0,0.0,0.0,0.0,0.0,0.0,0.04411764705882353,0.9027777777777778,0.0661764705882353,0.0,0.0,0.0
0.0,0.0,0.0,0.0,0.0,0.0,0.0,0.0,0.052083333333333336,0.9191176470588235,0.0661764705882353,0.0,0.0
0.0,0.0,0.0,0.0,0.0,0.0,0.0,0.0,0.0,0.014705882352941176,0.9264705882352942,0.04044117647058824,0.0
0.0,0.0,0.0,0.0,0.0,0.0,0.0,0.0,0.0,0.0,0.007352941176470588,0.9264705882352942,0.03308823529411765
0.0,0.0,0.0,0.0,0.0,0.0,0.0,0.0,0.0,0.0,0.0,0.03308823529411765,0.9669117647058824
