0.9742647058823529,0.01838235294117647,0.003676470588235294,0.0,0.0,0.0,0.0,0.0,0.0,0.0
0.025735294117647058,0.9632352941176471,0.03308823529411765,0.003676470588235294,0.0,0.0,0.0,0.0,0.0,0.0
0.0,0.01838235294117647,0.9411764705882353,0.03308823529411765,0.0,0.0,0.0,0.0,0.0,0.0
0.0,0.0,0.022058823529411766,0.9411764705882353,0.03676470588235294,0.0,0.0,0.0,0.0,0.0
0.0,0.0,0.0,0.022058823529411766,0.9411764705882353,0.029411764705882353,0.0,0.0,0.0,0.0
0.0,0.0,0.0,0.0,0.022058823529411766,0.9632352941176471,0.020833333333333332,0.0,0.0,0.0
0.0,0.0,0.0,0.0,0.0,0.007352941176470588,0.9513888888888888,0.0,0.0,0.0
0.0,0.0,0.0,0.0,0.0,0.0,0.027777777777777776,0.9852941176470589,0.003676470588235294,0.0
0.0,0.0,0.0,0.0,0.0,0.0,0.0,0.014705882352941176,0.9669117647058824,0.007352941176470588
0.0,0.0,0.0,0.0,0.0,0.0,0.0,0.0,0.029411764705882353,0.9926470588235294
