0.9742647058823529,0.09558823529411764,0.007352941176470588,0.003676470588235294,0.0,0.0,0.0,0.0,0.0,0.0,0.0,0.0,0.0,0.0,0.0
0.025735294117647058,0.8860294117647058,0.09191176470588236,0.011029411764705883,0.0,0.0,0.0,0.0,0.0,0.0,0.0,0.0,0.0,0.0,0.0
0.0,0.01838235294117647,0.8345588235294118,0.058823529411764705,0.011029411764705883,0.0,0.0,0.0,0.0,0.0,0.0,0.0,0.0,0.0,0.0
0.0,0.0,0.0661764705882353,0.8676470588235294,0.058823529411764705,0.007352941176470588,0.0,0.0,0.0,0.0,0.0,0.0,0.0,0.0,0.0
0.0,0.0,0.0,0.058823529411764705,0.8566176470588235,0.0625,0.003676470588235294,0.0,0.0,0.0,0.0,0.0,0.0,0.0,0.0
0.0,0.0,0.0,0.0,0.07352941176470588,0.8676470588235294,0.04411764705882353,0.003676470588235294,0.0,0.0,0.0,0.0,0.0,0.0,0.0
0.0,0.0,0.0,0.0,0.0,0.0625,0.8566176470588235,0.08455882352941177,0.003676470588235294,0.0,0.0,0.0,0.0,0.0,0.0
0.0,0.0,0.0,0.0,0.0,0.0,0.09558823529411764,0.8125,0.08088235294117647,0.0,0.003676470588235294,0.0,0.0,0.0,0.0
0.0,0.0,0.0,0.0,0.0,0.0,0.0,0.09926470588235294,0.8860294117647058,0.09722222222222222,0.0,0.0,0.0,0.0,0.0
0.0,0.0,0.0,0.0,0.0,0.0,0.0,0.0,0.025735294117647058,0.875,0.06985294117647059,0.0,0.0,0.0,0.0
0.0,0.0,0.0,0.0,0.0,0.0,0.0,0.0,0.003676470588235294,0.027777777777777776,0.8235294117647058,0.0661764705882353,0.0,0.0,0.0
0.0,0.0,0.0,0.0,0.0,0.0,0.0,0.0,0.0,0.0,0.10294117647058823,0.8529411764705882,0.07352941176470588,0.0,0.0
0.0,0.0,0.0,0.0,0.0,0.0,0.0,0.0,0.0,0.0,0.0,0.08088235294117647,0.8970588235294118,0.08823529411764706,0.0
0.0,0.0,0.0,0.0,0.0,0.0,0.0,0.0,0.0,0.0,0.0,0.0,0.029411764705882353,0.8676470588235294,0.011029411764705883
0.0,0.0,0.0,0.0,0.0,0.0,0.0,0.0,0.0,0.0,0.0,0.0,0.0,0.04411764705882353,0.9889705882352942
