0.9742647058823529,0.04044117647058824,0.003676470588235294,0.0,0.0,0.0,0.0,0.0,0.0,0.0,0.0,0.0,0.0,0.0
0.025735294117647058,0.875,0.051470588235294115,0.003676470588235294,0.0,0.0,0.0,0.0,0.0,0.0,0.0,0.0,0.0,0.0
0.0,0.08455882352941177,0.8639705882352942,0.04411764705882353,0.01838235294117647,0.0,0.0,0.0,0.0,0.0,0.0,0.0,0.0,0.0
0.0,0.0,0.08088235294117647,0.8897058823529411,0.051470588235294115,0.0,0.003676470588235294,0.0,0.0,0.0,0.0,0.0,0.0,0.0
0.0,0.0,0.0,0.0625,0.8639705882352942,0.08088235294117647,0.0,0.0,0.0,0.0,0.0,0.0,0.0,0.0
0.0,0.0,0.0,0.0,0.0625,0.9007352941176471,0.06985294117647059,0.0,0.0,0.0,0.0,0.0,0.0,0.0
0.0,0.0,0.0,0.0,0.003676470588235294,0.01838235294117647,0.9080882352941176,0.03676470588235294,0.0,0.0,0.0,0.0,0.0,0.0
0.0,0.0,0.0,0.0,0.0,0.0,0.01838235294117647,0.9191176470588235,0.04513888888888889,0.0,0.0,0.0,0.0,0.0
0.0,0.0,0.0,0.0,0.0,0.0,0.0,0.04411764705882353,0.9027777777777778,0.0661764705882353,0.0,0.0,0.0,0.0
0.0,0.0,0.0,0.0,0.0,0.0,0.0,0.0,0.052083333333333336,0.9191176470588235,0.0661764705882353,0.0,0.0,0.0
0.0,0.0,0.0,0.0,0.0,0.0,0.0,0.0,0.0,0.014705882352941176,0.8529411764705882,0.07352941176470588,0.0,0.0
0.0,0.0,0.0,0.0,0.0,0.0,0.0,0.0,0.0,0.0,0.08088235294117647,0.8970588235294118,0.08823529411764706,0.0
0.0,0.0,0.0,0.0,0.0,0.0,0.0,0.0,0.0,0.0,0.0,0.029411764705882353,0.8676470588235294,0.011029411764705883
0.0,0.0,0.0,0.0,0.0,0.0,0.0,0.0,0.0,0.0,0.0,0.0,0.04411764705882353,0.9889705882352942
