0.9742647058823529,0.04044117647058824,0.003676470588235294,0.0,0.0,0.0,0.0,0.0,0.0,0.0,0.0
0.025735294117647058,0.9227941176470589,0.03308823529411765,0.0,0.0,0.0,0.0,0.0,0.0,0.0,0.0
0.0,0.03676470588235294,0.9448529411764706,0.01838235294117647,0.0,0.0,0.0,0.0,0.0,0.0,0.0
0.0,0.0,0.01838235294117647,0.9669117647058824,0.025735294117647058,0.0,0.0,0.0,0.0,0.0,0.0
0.0,0.0,0.0,0.014705882352941176,0.9411764705882353,0.022058823529411766,0.0,0.0,0.0,0.0,0.0
0.0,0.0,0.0,0.0,0.03308823529411765,0.9411764705882353,0.03676470588235294,0.0,0.0,0.0,0.0
0.0,0.0,0.0,0.0,0.0,0.03676470588235294,0.9375,0.003676470588235294,0.0,0.0,0.0
0.0,0.0,0.0,0.0,0.0,0.0,0.025735294117647058,0.9889705882352942,0.022058823529411766,0.0,0.0
0.0,0.0,0.0,0.0,0.0,0.0,0.0,0.007352941176470588,0.9705882352941176,0.04044117647058824,0.0
0.0,0.0,0.0,0.0,0.0,0.0,0.0,0.0,0.007352941176470588,0.9264705882352942,0.03308823529411765
0.0,0.0,0.0,0.0,0.0,0.0,0.0,0.0,0.0,0.03308823529411765,0.9669117647058824
