0.9742647058823529,0.09558823529411764,0.007352941176470588,0.0,0.0,0.0,0.0,0.0,0.0,0.0,0.0,0.0,0.0,0.0
0.025735294117647058,0.8860294117647058,0.09191176470588236,0.01838235294117647,0.003676470588235294,0.0,0.0,0.0,0.0,0.0,0.0,0.0,0.0,0.0
0.0,0.01838235294117647,0.8566176470588235,0.08823529411764706,0.014705882352941176,0.0,0.0,0.0,0.0,0.0,0.0,0.0,0.0,0.0
0.0,0.0,0.04411764705882353,0.8602941176470589,0.10294117647058823,0.0,0.003676470588235294,0.0,0.0,0.0,0.0,0.0,0.0,0.0
0.0,0.0,0.0,0.03308823529411765,0.8639705882352942,0.08088235294117647,0.0,0.0,0.0,0.0,0.0,0.0,0.0,0.0
0.0,0.0,0.0,0.0,0.014705882352941176,0.9007352941176471,0.06985294117647059,0.0,0.0,0.0,0.0,0.0,0.0,0.0
0.0,0.0,0.0,0.0,0.0,0.01838235294117647,0.9080882352941176,0.12867647058823528,0.0,0.0,0.0,0.0,0.0,0.0
0.0,0.0,0.0,0.0,0.0,0.0,0.01838235294117647,0.8639705882352942,0.04513888888888889,0.0,0.0,0.0,0.0,0.0
0.0,0.0,0.0,0.0,0.0,0.0,0.0,0.007352941176470588,0.9027777777777778,0.15073529411764705,0.0,0.0,0.0,0.0
0.0,0.0,0.0,0.0,0.0,0.0,0.0,0.0,0.052083333333333336,0.8492647058823529,0.0661764705882353,0.0,0.0,0.0
0.0,0.0,0.0,0.0,0.0,0.0,0.0,0.0,0.0,0.0,0.8529411764705882,0.07352941176470588,0.0,0.0
0.0,0.0,0.0,0.0,0.0,0.0,0.0,0.0,0.0,0.0,0.08088235294117647,0.8970588235294118,0.08823529411764706,0.0
0.0,0.0,0.0,0.0,0.0,0.0,0.0,0.0,0.0,0.0,0.0,0.029411764705882353,0.8676470588235294,0.011029411764705883
0.0,0.0,0.0,0.0,0.0,0.0,0.0,0.0,0.0,0.0,0.0,0.0,0.04411764705882353,0.9889705882352942
