0.9742647058823529,0.04044117647058824,0.003676470588235294,0.0,0.0,0.0,0.0,0.0,0.0,0.0,0.0,0.0
0.025735294117647058,0.9227941176470589,0.03308823529411765,0.003676470588235294,0.0,0.0,0.0,0.0,0.0,0.0,0.0,0.0
0.0,0.03676470588235294,0.9154411764705882,0.0661764705882353,0.0,0.0,0.0,0.0,0.0,0.0,0.0,0.0
0.0,0.0,0.04779411764705882,0.9080882352941176,0.058823529411764705,0.003676470588235294,0.0,0.0,0.0,0.0,0.0,0.0
0.0,0.0,0.0,0.022058823529411766,0.9191176470588235,0.06985294117647059,0.0,0.0,0.0,0.0,0.0,0.0
0.0,0.0,0.0,0.0,0.022058823529411766,0.9080882352941176,0.03676470588235294,0.0,0.0,0.0,0.0,0.0
0.0,0.0,0.0,0.0,0.0,0.01838235294117647,0.9191176470588235,0.04513888888888889,0.003676470588235294,0.0,0.0,0.0
0.0,0.0,0.0,0.0,0.0,0.0,0.04411764705882353,0.9409722222222222,0.06985294117647059,0.0,0.0,0.0
0.0,0.0,0.0,0.0,0.0,0.0,0.0,0.013888888888888888,0.9227941176470589,0.025735294117647058,0.0,0.0
0.0,0.0,0.0,0.0,0.0,0.0,0.0,0.0,0.003676470588235294,0.9742647058823529,0.007352941176470588,0.0
0.0,0.0,0.0,0.0,0.0,0.0,0.0,0.0,0.0,0.0,0.9080882352941176,0.029411764705882353
0.0,0.0,0.0,0.0,0.0,0.0,0.0,0.0,0.0,0.0,0.08455882352941177,0.9705882352941176
