0.9742647058823529,0.09558823529411764,0.007352941176470588,0.0,0.0,0.0,0.0,0.0,0.0,0.0,0.0,0.0,0.0
0.025735294117647058,0.8860294117647058,0.09191176470588236,0.003676470588235294,0.0,0.0,0.0,0.0,0.0,0.0,0.0,0.0,0.0
0.0,0.01838235294117647,0.8786764705882353,0.0661764705882353,0.003676470588235294,0.0,0.0,0.0,0.0,0.0,0.0,0.0,0.0
0.0,0.0,0.022058823529411766,0.9007352941176471,0.0625,0.003676470588235294,0.0,0.0,0.0,0.0,0.0,0.0,0.0
0.0,0.0,0.0,0.029411764705882353,0.8786764705882353,0.05514705882352941,0.003676470588235294,0.0,0.0,0.0,0.0,0.0,0.0
0.0,0.0,0.0,0.0,0.05514705882352941,0.8970588235294118,0.08455882352941177,0.003676470588235294,0.0,0.0,0.0,0.0,0.0
0.0,0.0,0.0,0.0,0.0,0.04411764705882353,0.8860294117647058,0.10661764705882353,0.0,0.0,0.0,0.0,0.0
0.0,0.0,0.0,0.0,0.0,0.0,0.025735294117647058,0.8823529411764706,0.09191176470588236,0.0,0.0,0.0,0.0
0.0,0.0,0.0,0.0,0.0,0.0,0.0,0.007352941176470588,0.9007352941176471,0.09558823529411764,0.0,0.0,0.0
0.0,0.0,0.0,0.0,0.0,0.0,0.0,0.0,0.007352941176470588,0.9007352941176471,0.07352941176470588,0.0,0.0
0.0,0.0,0.0,0.0,0.0,0.0,0.0,0.0,0.0,0.003676470588235294,0.8970588235294118,0.08823529411764706,0.0
0.0,0.0,0.0,0.0,0.0,0.0,0.0,0.0,0.0,0.0,0.029411764705882353,0.9044117647058824,0.029411764705882353
0.0,0.0,0.0,0.0,0.0,0.0,0.0,0.0,0.0,0.0,0.0,0.007352941176470588,0.9705882352941176
