0.9742647058823529,0.04044117647058824,0.003676470588235294,0.0,0.0,0.0,0.0,0.0,0.0,0.0
0.025735294117647058,0.9522058823529411,0.029411764705882353,0.0,0.0,0.0,0.0,0.0,0.0,0.0
0.0,0.007352941176470588,0.9522058823529411,0.05514705882352941,0.0,0.0,0.0,0.0,0.0,0.0
0.0,0.0,0.014705882352941176,0.9448529411764706,0.007352941176470588,0.0,0.0,0.0,0.0,0.0
0.0,0.0,0.0,0.0,0.9558823529411765,0.03676470588235294,0.0,0.0,0.0,0.0
0.0,0.0,0.0,0.0,0.03676470588235294,0.9558823529411765,0.03676470588235294,0.0,0.0,0.0
0.0,0.0,0.0,0.0,0.0,0.007352941176470588,0.9485294117647058,0.011029411764705883,0.0,0.0
0.0,0.0,0.0,0.0,0.0,0.0,0.014705882352941176,0.9852941176470589,0.04779411764705882,0.0
0.0,0.0,0.0,0.0,0.0,0.0,0.0,0.003676470588235294,0.9485294117647058,0.011029411764705883
0.0,0.0,0.0,0.0,0.0,0.0,0.0,0.0,0.003676470588235294,0.9889705882352942
