0.8419117647058824,0.051470588235294115,0.007352941176470588,0.003676470588235294,0.0,0.0,0.0,0.0,0.0,0.0,0.0,0.0,0.0,0.0,0.0,0.0
0.15441176470588236,0.8492647058823529,0.08455882352941177,0.007352941176470588,0.0,0.0,0.0,0.0,0.0,0.0,0.0,0.0,0.0,0.0,0.0,0.0
0.003676470588235294,0.09926470588235294,0.8713235294117647,0.0661764705882353,0.025735294117647058,0.003676470588235294,0.0,0.0,0.0,0.0,0.0,0.0,0.0,0.0,0.0,0.0
0.0,0.0,0.03676470588235294,0.875,0.09558823529411764,0.011029411764705883,0.003676470588235294,0.0,0.0,0.0,0.0,0.0,0.0,0.0,0.0,0.0
0.0,0.0,0.0,0.04411764705882353,0.8161764705882353,0.09558823529411764,0.022058823529411766,0.0,0.0,0.0,0.0,0.0,0.0,0.0,0.0,0.0
0.0,0.0,0.0,0.003676470588235294,0.058823529411764705,0.8161764705882353,0.08455882352941177,0.003676470588235294,0.0,0.0,0.0,0.0,0.0,0.0,0.0,0.0
0.0,0.0,0.0,0.0,0.003676470588235294,0.06985294117647059,0.8345588235294118,0.1323529411764706,0.0,0.0,0.0,0.0,0.0,0.0,0.0,0.0
0.0,0.0,0.0,0.0,0.0,0.003676470588235294,0.05514705882352941,0.8308823529411765,0.1213235294117647,0.0,0.0,0.0,0.0,0.0,0.0,0.0
0.0,0.0,0.0,0.0,0.0,0.0,0.0,0.029411764705882353,0.8419117647058824,0.0661764705882353,0.0,0.0,0.0,0.0,0.0,0.0
0.0,0.0,0.0,0.0,0.0,0.0,0.0,0.003676470588235294,0.03308823529411765,0.8897058823529411,0.04513888888888889,0.0,0.0,0.0,0.0,0.0
0.0,0.0,0.0,0.0,0.0,0.0,0.0,0.0,0.003676470588235294,0.04411764705882353,0.9027777777777778,0.15073529411764705,0.0,0.0,0.0,0.0
0.0,0.0,0.0,0.0,0.0,0.0,0.0,0.0,0.0,0.0,0.052083333333333336,0.8419117647058824,0.09558823529411764,0.0,0.0,0.0
0.0,0.0,0.0,0.0,0.0,0.0,0.0,0.0,0.0,0.0,0.0,0.007352941176470588,0.8345588235294118,0.04411764705882353,0.0,0.0
0.0,0.0,0.0,0.0,0.0,0.0,0.0,0.0,0.0,0.0,0.0,0.0,0.06985294117647059,0.8676470588235294,0.04779411764705882,0.0
0.0,0.0,0.0,0.0,0.0,0.0,0.0,0.0,0.0,0.0,0.0,0.0,0.0,0.08823529411764706,0.8860294117647058,0.19117647058823528
0.0,0.0,0.0,0.0,0.0,0.0,0.0,0.0,0.0,0.0,0.0,0.0,0.0,0.0,0.0661764705882353,0.8088235294117647
