0.9742647058823529,0.04044117647058824,0.0,0.0,0.0,0.0,0.0,0.0,0.0,0.0,0.0
0.025735294117647058,0.9522058823529411,0.04779411764705882,0.007352941176470588,0.0,0.0,0.0,0.0,0.0,0.0,0.0
0.0,0.007352941176470588,0.9338235294117647,0.04044117647058824,0.0,0.0,0.0,0.0,0.0,0.0,0.0
0.0,0.0,0.01838235294117647,0.9375,0.029411764705882353,0.0,0.0,0.0,0.0,0.0,0.0
0.0,0.0,0.0,0.014705882352941176,0.9375,0.022058823529411766,0.0,0.0,0.0,0.0,0.0
0.0,0.0,0.0,0.0,0.03308823529411765,0.9411764705882353,0.03676470588235294,0.0,0.0,0.0,0.0
0.0,0.0,0.0,0.0,0.0,0.03676470588235294,0.9375,0.04861111111111111,0.0,0.0,0.0
0.0,0.0,0.0,0.0,0.0,0.0,0.025735294117647058,0.9444444444444444,0.003676470588235294,0.0,0.0
0.0,0.0,0.0,0.0,0.0,0.0,0.0,0.006944444444444444,0.9926470588235294,0.014705882352941176,0.0
0.0,0.0,0.0,0.0,0.0,0.0,0.0,0.0,0.003676470588235294,0.9522058823529411,0.03308823529411765
0.0,0.0,0.0,0.0,0.0,0.0,0.0,0.0,0.0,0.03308823529411765,0.9669117647058824
