original dala
dala alloc:  [[0, 8, 0, 4], [8, 21, 12, 16], [21, 34, 26, 30], [34, 41, 35, 39], [41, 48, 42, 46], [48, 53, 48, 52], [53, 59, 54, 58], [59, 64, 59, 63]]
dala ber:  0.003795615468409586
flexible dala
fdala alloc:  [[0, 8, 0, 4], [8, 20, 12, 16], [20, 32, 24, 28], [32, 41, 34, 38], [41, 48, 43, 47], [48, 53, 48, 52], [53, 59, 54, 58], [59, 64, 59, 63]]
dala ber:  0.003497753267973856
graph based dala
Number of nodes in the graph: 60
num cliques:  66890
num cliques with 8 levels: 60
[[0, 8, 0, 4], [8, 22, 12, 16], [22, 34, 27, 31], [34, 42, 36, 40], [42, 48, 43, 47], [48, 53, 48, 52], [53, 59, 54, 58], [59, 64, 59, 63]]
0.0028850081699346407
relaxation:  1.1
Number of nodes in the graph: 60
num cliques:  66890
num cliques with 8 levels: 60
[[0, 8, 0, 4], [8, 22, 12, 16], [22, 34, 27, 31], [34, 42, 36, 40], [42, 48, 43, 47], [48, 53, 48, 52], [53, 59, 54, 58], [59, 64, 59, 63]]
0.0028850081699346407
relaxation:  1.2
Number of nodes in the graph: 60
num cliques:  66890
num cliques with 8 levels: 60
[[0, 8, 0, 4], [8, 22, 12, 16], [22, 34, 27, 31], [34, 42, 36, 40], [42, 48, 43, 47], [48, 53, 48, 52], [53, 59, 54, 58], [59, 64, 59, 63]]
0.0028850081699346407
relaxation:  1.3
Number of nodes in the graph: 60
num cliques:  66890
num cliques with 8 levels: 60
[[0, 8, 0, 4], [8, 22, 12, 16], [22, 34, 27, 31], [34, 42, 36, 40], [42, 48, 43, 47], [48, 53, 48, 52], [53, 59, 54, 58], [59, 64, 59, 63]]
0.0028850081699346407
relaxation:  1.4
Number of nodes in the graph: 60
num cliques:  93583
num cliques with 8 levels: 444
[[0, 8, 0, 4], [8, 22, 12, 16], [22, 33, 27, 31], [33, 42, 36, 40], [42, 48, 43, 47], [48, 53, 48, 52], [53, 59, 54, 58], [59, 64, 59, 63]]
0.003038194444444444
relaxation:  1.5
Number of nodes in the graph: 60
num cliques:  93583
num cliques with 8 levels: 444
[[0, 8, 0, 4], [8, 22, 12, 16], [22, 33, 27, 31], [33, 42, 36, 40], [42, 48, 43, 47], [48, 53, 48, 52], [53, 59, 54, 58], [59, 64, 59, 63]]
0.003038194444444444
relaxation:  1.6
Number of nodes in the graph: 60
num cliques:  95989
num cliques with 8 levels: 444
[[0, 8, 0, 4], [8, 22, 12, 16], [22, 33, 27, 31], [33, 42, 36, 40], [42, 48, 43, 47], [48, 53, 48, 52], [53, 59, 54, 58], [59, 64, 59, 63]]
0.003038194444444444
relaxation:  1.7
Number of nodes in the graph: 60
num cliques:  130422
num cliques with 8 levels: 2675
[[0, 8, 0, 4], [8, 22, 12, 16], [22, 33, 27, 31], [33, 42, 36, 40], [42, 48, 43, 47], [48, 53, 48, 52], [53, 59, 54, 58], [59, 64, 59, 63]]
0.003038194444444444
relaxation:  1.8
Number of nodes in the graph: 60
num cliques:  130422
num cliques with 8 levels: 2675
[[0, 8, 0, 4], [8, 22, 12, 16], [22, 33, 27, 31], [33, 42, 36, 40], [42, 48, 43, 47], [48, 53, 48, 52], [53, 59, 54, 58], [59, 64, 59, 63]]
0.003038194444444444
relaxation:  1.9
Number of nodes in the graph: 60
num cliques:  135568
num cliques with 8 levels: 3486
[[0, 8, 0, 4], [8, 22, 12, 16], [22, 33, 27, 31], [33, 42, 36, 40], [42, 48, 43, 47], [48, 53, 48, 52], [53, 59, 54, 58], [59, 64, 59, 63]]
0.003038194444444444
relaxation:  2.0
Number of nodes in the graph: 60
num cliques:  173620
num cliques with 8 levels: 9153
[[0, 9, 0, 4], [9, 22, 13, 17], [22, 33, 27, 31], [33, 42, 36, 40], [42, 48, 43, 47], [48, 53, 48, 52], [53, 59, 54, 58], [59, 64, 59, 63]]
0.0031913807189542487
relaxation:  2.1
Number of nodes in the graph: 60
num cliques:  173620
num cliques with 8 levels: 9153
[[0, 9, 0, 4], [9, 22, 13, 17], [22, 33, 27, 31], [33, 42, 36, 40], [42, 48, 43, 47], [48, 53, 48, 52], [53, 59, 54, 58], [59, 64, 59, 63]]
0.0031913807189542487
relaxation:  2.2
Number of nodes in the graph: 60
num cliques:  173620
num cliques with 8 levels: 9153
[[0, 9, 0, 4], [9, 22, 13, 17], [22, 33, 27, 31], [33, 42, 36, 40], [42, 48, 43, 47], [48, 53, 48, 52], [53, 59, 54, 58], [59, 64, 59, 63]]
0.0031913807189542487
relaxation:  2.3
Number of nodes in the graph: 60
num cliques:  222836
num cliques with 8 levels: 32616
[[0, 9, 0, 4], [9, 22, 13, 17], [22, 33, 27, 31], [33, 42, 36, 40], [42, 48, 43, 47], [48, 53, 48, 52], [53, 59, 54, 58], [59, 64, 59, 63]]
0.0031913807189542487
relaxation:  2.4
Number of nodes in the graph: 60
num cliques:  222836
num cliques with 8 levels: 32616
[[0, 9, 0, 4], [9, 22, 13, 17], [22, 33, 27, 31], [33, 42, 36, 40], [42, 48, 43, 47], [48, 53, 48, 52], [53, 59, 54, 58], [59, 64, 59, 63]]
0.0031913807189542487
relaxation:  2.5
Number of nodes in the graph: 60
num cliques:  222836
num cliques with 8 levels: 32616
[[0, 9, 0, 4], [9, 22, 13, 17], [22, 33, 27, 31], [33, 42, 36, 40], [42, 48, 43, 47], [48, 53, 48, 52], [53, 59, 54, 58], [59, 64, 59, 63]]
0.0031913807189542487
relaxation:  2.6
Number of nodes in the graph: 60
num cliques:  222836
num cliques with 8 levels: 32616
[[0, 9, 0, 4], [9, 22, 13, 17], [22, 33, 27, 31], [33, 42, 36, 40], [42, 48, 43, 47], [48, 53, 48, 52], [53, 59, 54, 58], [59, 64, 59, 63]]
0.0031913807189542487
relaxation:  2.7
Number of nodes in the graph: 60
num cliques:  261192
num cliques with 8 levels: 91202
[[0, 8, 0, 4], [8, 22, 12, 16], [22, 34, 27, 31], [34, 42, 36, 40], [42, 48, 43, 47], [48, 53, 48, 52], [53, 59, 54, 58], [59, 64, 59, 63]]
0.0028850081699346407
relaxation:  2.8
Number of nodes in the graph: 60
num cliques:  270872
num cliques with 8 levels: 100436
[[0, 8, 0, 4], [8, 22, 12, 16], [22, 34, 27, 31], [34, 42, 36, 40], [42, 48, 43, 47], [48, 53, 48, 52], [53, 59, 54, 58], [59, 64, 59, 63]]
0.0028850081699346407
relaxation:  2.9
Number of nodes in the graph: 60
num cliques:  270872
num cliques with 8 levels: 100436
[[0, 8, 0, 4], [8, 22, 12, 16], [22, 34, 27, 31], [34, 42, 36, 40], [42, 48, 43, 47], [48, 53, 48, 52], [53, 59, 54, 58], [59, 64, 59, 63]]
0.0028850081699346407
relaxation:  3.0
Number of nodes in the graph: 60
num cliques:  356210
num cliques with 8 levels: 155338
[[0, 8, 0, 4], [8, 22, 12, 16], [22, 34, 27, 31], [34, 42, 36, 40], [42, 48, 43, 47], [48, 53, 48, 52], [53, 59, 54, 58], [59, 64, 59, 63]]
0.0028850081699346407
