original dala
dala alloc:  [[0, 8, 0, 4], [8, 21, 12, 16], [21, 34, 26, 30], [34, 41, 35, 39], [41, 48, 42, 46], [48, 53, 48, 52], [53, 59, 54, 58], [59, 64, 59, 63]]
dala ber:  0.003795615468409586
flexible dala
fdala alloc:  [[0, 8, 0, 4], [8, 20, 12, 16], [20, 32, 24, 28], [32, 41, 34, 38], [41, 48, 43, 47], [48, 53, 48, 52], [53, 59, 54, 58], [59, 64, 59, 63]]
dala ber:  0.003497753267973856
graph based dala
Number of nodes in the graph: 60
num cliques:  66890
num cliques with 8 levels: 60
[[0, 8, 0, 4], [8, 22, 12, 16], [22, 34, 27, 31], [34, 42, 36, 40], [42, 48, 43, 47], [48, 53, 48, 52], [53, 59, 54, 58], [59, 64, 59, 63]]
0.0028850081699346407
relaxation:  3.0
Number of nodes in the graph: 60
num cliques:  356210
num cliques with 8 levels: 155338
[[0, 8, 0, 4], [8, 22, 12, 16], [22, 34, 27, 31], [34, 42, 36, 40], [42, 48, 43, 47], [48, 53, 48, 52], [53, 59, 54, 58], [59, 64, 59, 63]]
0.0028850081699346407
relaxation:  3.1
Number of nodes in the graph: 60
num cliques:  356210
num cliques with 8 levels: 155338
[[0, 8, 0, 4], [8, 22, 12, 16], [22, 34, 27, 31], [34, 42, 36, 40], [42, 48, 43, 47], [48, 53, 48, 52], [53, 59, 54, 58], [59, 64, 59, 63]]
0.0028850081699346407
relaxation:  3.2
Number of nodes in the graph: 60
num cliques:  356210
num cliques with 8 levels: 155338
[[0, 8, 0, 4], [8, 22, 12, 16], [22, 34, 27, 31], [34, 42, 36, 40], [42, 48, 43, 47], [48, 53, 48, 52], [53, 59, 54, 58], [59, 64, 59, 63]]
0.0028850081699346407
relaxation:  3.3
Number of nodes in the graph: 60
num cliques:  479112
num cliques with 8 levels: 282752
[[0, 8, 0, 4], [8, 22, 12, 16], [22, 34, 27, 31], [34, 42, 36, 40], [42, 48, 43, 47], [48, 53, 48, 52], [53, 59, 54, 58], [59, 64, 59, 63]]
0.0028850081699346407
relaxation:  3.4
Number of nodes in the graph: 60
num cliques:  479112
num cliques with 8 levels: 282752
[[0, 8, 0, 4], [8, 22, 12, 16], [22, 34, 27, 31], [34, 42, 36, 40], [42, 48, 43, 47], [48, 53, 48, 52], [53, 59, 54, 58], [59, 64, 59, 63]]
0.0028850081699346407
relaxation:  3.5
Number of nodes in the graph: 60
num cliques:  479112
num cliques with 8 levels: 282752
[[0, 8, 0, 4], [8, 22, 12, 16], [22, 34, 27, 31], [34, 42, 36, 40], [42, 48, 43, 47], [48, 53, 48, 52], [53, 59, 54, 58], [59, 64, 59, 63]]
0.0028850081699346407
relaxation:  3.6
Number of nodes in the graph: 60
num cliques:  479112
num cliques with 8 levels: 282752
[[0, 8, 0, 4], [8, 22, 12, 16], [22, 34, 27, 31], [34, 42, 36, 40], [42, 48, 43, 47], [48, 53, 48, 52], [53, 59, 54, 58], [59, 64, 59, 63]]
0.0028850081699346407
relaxation:  3.7
Number of nodes in the graph: 60
num cliques:  510768
num cliques with 8 levels: 309173
[[0, 8, 0, 4], [8, 22, 12, 16], [22, 34, 27, 31], [34, 42, 36, 40], [42, 48, 43, 47], [48, 53, 48, 52], [53, 59, 54, 58], [59, 64, 59, 63]]
0.0028850081699346407
relaxation:  3.8
Number of nodes in the graph: 60
num cliques:  510768
num cliques with 8 levels: 309173
[[0, 8, 0, 4], [8, 22, 12, 16], [22, 34, 27, 31], [34, 42, 36, 40], [42, 48, 43, 47], [48, 53, 48, 52], [53, 59, 54, 58], [59, 64, 59, 63]]
0.0028850081699346407
relaxation:  3.9
Number of nodes in the graph: 60
num cliques:  510768
num cliques with 8 levels: 309173
[[0, 8, 0, 4], [8, 22, 12, 16], [22, 34, 27, 31], [34, 42, 36, 40], [42, 48, 43, 47], [48, 53, 48, 52], [53, 59, 54, 58], [59, 64, 59, 63]]
0.0028850081699346407
relaxation:  4.0
Number of nodes in the graph: 60
num cliques:  536438
num cliques with 8 levels: 325217
[[0, 8, 0, 4], [8, 22, 12, 16], [22, 34, 27, 31], [34, 42, 36, 40], [42, 48, 43, 47], [48, 53, 48, 52], [53, 59, 54, 58], [59, 64, 59, 63]]
0.0028850081699346407
relaxation:  4.1
Number of nodes in the graph: 60
num cliques:  560197
num cliques with 8 levels: 332116
[[0, 8, 0, 4], [8, 22, 12, 16], [22, 34, 27, 31], [34, 42, 36, 40], [42, 48, 43, 47], [48, 53, 48, 52], [53, 59, 54, 58], [59, 64, 59, 63]]
0.0028850081699346407
relaxation:  4.2
Number of nodes in the graph: 60
num cliques:  560197
num cliques with 8 levels: 332116
[[0, 8, 0, 4], [8, 22, 12, 16], [22, 34, 27, 31], [34, 42, 36, 40], [42, 48, 43, 47], [48, 53, 48, 52], [53, 59, 54, 58], [59, 64, 59, 63]]
0.0028850081699346407
relaxation:  4.3
Number of nodes in the graph: 60
num cliques:  737947
num cliques with 8 levels: 336974
[[0, 8, 0, 4], [8, 22, 12, 16], [22, 34, 27, 31], [34, 42, 36, 40], [42, 48, 43, 47], [48, 54, 48, 52], [54, 59, 54, 58], [59, 64, 59, 63]]
0.0028850081699346407
relaxation:  4.4
Number of nodes in the graph: 60
num cliques:  754573
num cliques with 8 levels: 336743
[[0, 8, 0, 4], [8, 22, 12, 16], [22, 34, 27, 31], [34, 42, 36, 40], [42, 48, 43, 47], [48, 54, 48, 52], [54, 59, 54, 58], [59, 64, 59, 63]]
0.0028850081699346407
relaxation:  4.5
Number of nodes in the graph: 60
num cliques:  754573
num cliques with 8 levels: 336743
[[0, 8, 0, 4], [8, 22, 12, 16], [22, 34, 27, 31], [34, 42, 36, 40], [42, 48, 43, 47], [48, 54, 48, 52], [54, 59, 54, 58], [59, 64, 59, 63]]
0.0028850081699346407
relaxation:  4.6
Number of nodes in the graph: 60
num cliques:  809813
num cliques with 8 levels: 359919
[[0, 8, 0, 4], [8, 22, 12, 16], [22, 34, 27, 31], [34, 42, 36, 40], [42, 48, 43, 47], [48, 54, 48, 52], [54, 59, 54, 58], [59, 64, 59, 63]]
0.0028850081699346407
relaxation:  4.7
Number of nodes in the graph: 60
num cliques:  809813
num cliques with 8 levels: 359919
[[0, 8, 0, 4], [8, 22, 12, 16], [22, 34, 27, 31], [34, 42, 36, 40], [42, 48, 43, 47], [48, 54, 48, 52], [54, 59, 54, 58], [59, 64, 59, 63]]
0.0028850081699346407
relaxation:  4.8
Number of nodes in the graph: 60
num cliques:  809813
num cliques with 8 levels: 359919
[[0, 8, 0, 4], [8, 22, 12, 16], [22, 34, 27, 31], [34, 42, 36, 40], [42, 48, 43, 47], [48, 54, 48, 52], [54, 59, 54, 58], [59, 64, 59, 63]]
0.0028850081699346407
relaxation:  4.9
Number of nodes in the graph: 60
num cliques:  809813
num cliques with 8 levels: 359919
[[0, 8, 0, 4], [8, 22, 12, 16], [22, 34, 27, 31], [34, 42, 36, 40], [42, 48, 43, 47], [48, 54, 48, 52], [54, 59, 54, 58], [59, 64, 59, 63]]
0.0028850081699346407
