original dala
dala alloc:  [[0, 8, 0, 4], [8, 21, 12, 16], [21, 34, 26, 30], [34, 41, 35, 39], [41, 48, 42, 46], [48, 53, 48, 52], [53, 59, 54, 58], [59, 64, 59, 63]]
dala ber:  0.003795615468409586
flexible dala
fdala alloc:  [[0, 8, 0, 4], [8, 20, 12, 16], [20, 32, 24, 28], [32, 41, 34, 38], [41, 48, 43, 47], [48, 53, 48, 52], [53, 59, 54, 58], [59, 64, 59, 63]]
dala ber:  0.003497753267973856
graph based flexible dala
Number of nodes in the graph: 236
num cliques:  38731097
num cliques with 8 levels: 14422
[[0, 8, 0, 4], [8, 22, 12, 16], [22, 34, 27, 31], [34, 42, 36, 40], [42, 48, 43, 47], [48, 53, 48, 52], [53, 59, 54, 58], [59, 64, 59, 63]]
0.0028850081699346407


original dala
dala alloc:  [[0, 8, 0, 4], [8, 21, 12, 16], [21, 34, 26, 30], [34, 41, 35, 39], [41, 48, 42, 46], [48, 53, 48, 52], [53, 59, 54, 58], [59, 64, 59, 63]]
dala ber:  0.003795615468409586
flexible dala
fdala alloc:  [[0, 8, 0, 4], [8, 20, 12, 16], [20, 32, 24, 28], [32, 41, 34, 38], [41, 48, 43, 47], [48, 53, 48, 52], [53, 59, 54, 58], [59, 64, 59, 63]]
dala ber:  0.003497753267973856
graph based flexible dala
Number of nodes in the graph: 236
num cliques:  79484418
num cliques with 8 levels: 14422
[[0, 8, 0, 4], [8, 22, 12, 16], [22, 34, 27, 31], [34, 42, 36, 40], [42, 48, 43, 47], [48, 53, 48, 52], [53, 59, 54, 58], [59, 64, 59, 63]]
0.0028850081699346407